300 560
125 0 0 46 42 0
85 46 0 43 34 0
106 0 42 12 33 0
131 89 0 48 45 0
58 46 34 25 25 0
10 12 42 15 31 0
179 0 75 46 34 0
79 137 0 40 25 0
162 89 45 31 18 0
276 71 34 14 31 0
192 46 65 29 48 0
63 27 113 46 36 0
244 12 109 13 37 0
38 46 149 19 21 0
9 0 146 25 44 0
27 177 0 40 38 0
167 137 25 37 36 0
165 120 45 17 21 0
49 89 66 48 24 0
217 85 90 48 20 0
145 75 110 45 13 0
22 73 123 35 29 0
141 25 149 19 45 0
34 12 190 12 29 0
8 65 152 21 36 0
205 46 170 15 21 0
68 25 194 45 28 0
284 0 219 21 30 0
83 217 0 37 41 0
23 177 38 40 17 0
166 174 55 36 34 0
129 137 61 34 22 0
259 137 83 26 12 0
241 120 110 13 24 0
216 89 152 19 42 0
118 133 95 38 44 0
119 108 139 28 45 0
183 73 194 39 33 0
175 44 222 15 16 0
178 25 222 17 19 0
29 12 249 30 29 0
271 61 227 24 42 0
180 70 269 19 40 0
28 21 278 12 24 0
278 0 278 13 42 0
295 254 0 43 13 0
17 217 41 41 37 0
269 217 78 37 18 0
261 177 96 45 12 0
13 210 108 48 33 0
56 174 108 31 46 0
212 171 154 42 21 0
243 137 139 34 37 0
82 137 176 39 24 0
78 120 184 16 42 0
170 89 227 45 29 0
71 136 200 32 34 0
207 42 269 28 33 0
265 25 302 45 15 0
95 42 317 44 37 0
128 12 320 28 44 0
126 61 354 12 22 0
47 89 256 42 40 0
235 13 364 46 22 0
232 0 386 23 42 0
65 297 0 23 13 0
73 258 13 46 12 0
99 217 141 40 17 0
286 222 158 36 41 0
116 177 175 19 28 0
221 258 25 45 13 0
296 205 175 16 27 0
90 174 203 24 46 0
155 213 202 25 14 0
249 171 249 35 27 0
5 176 276 26 16 0
168 137 234 24 41 0
172 120 296 13 27 0
159 134 275 32 44 0
137 89 296 28 21 0
123 168 292 23 36 0
218 25 386 15 43 0
105 86 317 33 35 0
60 42 386 16 39 0
198 40 425 19 48 0
142 12 429 27 37 0
2 73 354 26 22 0
219 61 376 28 18 0
54 59 394 30 34 0
33 13 473 46 45 0
158 0 466 13 23 0
247 320 0 39 36 0
53 297 38 36 12 0
80 304 50 36 15 0
200 258 38 37 43 0
151 303 65 42 18 0
114 258 81 34 44 0
299 198 292 13 13 0
93 238 199 20 24 0
266 213 223 45 48 0
293 120 323 43 19 0
156 166 328 16 28 0
208 191 305 20 27 0
51 59 428 14 16 0
14 99 352 21 44 0
194 89 396 28 13 0
288 89 409 28 36 0
149 59 445 47 22 0
229 59 467 48 24 0
236 13 518 27 39 0
57 359 0 48 47 0
134 333 83 47 34 0
164 297 83 36 41 0
140 340 117 43 12 0
209 258 125 45 36 0
184 345 129 46 25 0
153 303 129 41 30 0
132 292 161 39 18 0
115 258 161 34 22 0
268 211 271 22 25 0
16 258 183 45 42 0
32 238 271 19 22 0
30 258 225 28 20 0
4 120 342 45 40 0
264 182 332 23 45 0
3 120 382 45 21 0
157 117 403 20 25 0
195 107 445 13 33 0
215 59 491 29 21 0
41 40 518 19 36 0
59 407 0 38 47 0
72 359 154 15 32 0
36 380 154 27 30 0
290 333 159 16 27 0
245 383 184 24 36 0
242 340 186 40 22 0
7 303 179 29 35 0
152 391 220 16 19 0
193 345 208 33 17 0
113 303 214 36 24 0
282 292 238 44 30 0
110 292 268 42 39 0
274 258 245 33 21 0
263 211 296 46 47 0
190 303 307 27 37 0
74 258 266 34 43 0
62 257 309 46 36 0
100 238 345 44 45 0
277 165 356 12 47 0
234 205 343 33 18 0
150 182 377 23 31 0
160 165 403 16 27 0
189 120 428 12 44 0
48 88 491 34 28 0
42 59 512 25 46 0
181 445 0 28 30 0
148 359 225 18 20 0
76 407 47 36 39 0
143 407 86 24 25 0
89 407 111 20 42 0
273 378 239 30 21 0
84 336 245 38 34 0
176 334 279 38 33 0
37 291 345 12 29 0
270 257 390 23 15 0
171 211 361 22 40 0
86 330 312 44 39 0
272 303 344 24 35 0
294 257 405 17 26 0
223 282 374 19 22 0
135 238 390 15 45 0
260 177 430 12 19 0
146 205 401 33 48 0
280 205 449 31 22 0
66 132 430 42 45 0
92 122 475 47 45 0
258 88 520 44 34 0
275 473 0 22 28 0
11 445 30 41 24 0
250 377 260 31 34 0
25 443 54 43 29 0
188 431 86 37 40 0
61 427 126 31 45 0
225 408 171 38 47 0
267 374 294 34 39 0
199 336 351 36 31 0
224 280 396 21 45 0
213 303 379 32 14 0
203 301 393 28 15 0
262 253 431 27 48 0
256 238 435 13 21 0
81 189 408 15 32 0
6 177 449 27 38 0
104 238 456 14 42 0
297 205 471 31 38 0
233 236 498 16 13 0
52 132 520 18 37 0
230 169 487 30 33 0
298 495 0 40 33 0
35 473 83 26 12 0
39 486 95 13 12 0
108 408 218 38 37 0
98 486 107 13 35 0
77 468 95 18 40 0
136 458 135 12 37 0
182 446 172 24 45 0
187 408 255 38 36 0
120 408 291 36 36 0
101 374 333 30 36 0
24 372 369 24 18 0
40 336 387 47 19 0
121 301 408 34 38 0
281 335 406 18 30 0
196 280 446 41 41 0
292 204 511 39 24 0
112 252 479 25 30 0
43 150 520 21 39 0
237 199 535 40 21 0
287 535 0 21 42 0
289 499 33 33 37 0
75 473 142 20 37 0
204 499 70 33 41 0
227 446 217 13 32 0
97 499 111 15 40 0
238 470 179 27 39 0
0 470 218 15 27 0
220 446 249 37 30 0
130 446 279 26 30 0
222 408 327 34 25 0
133 444 309 15 43 0
67 408 352 33 14 0
283 396 369 15 13 0
211 372 406 16 12 0
26 353 406 18 27 0
248 335 436 31 43 0
201 321 479 29 26 0
169 280 487 39 24 0
191 243 511 16 34 0
55 171 520 26 31 0
291 532 42 28 43 0
185 532 85 27 34 0
246 459 309 23 44 0
20 446 352 13 17 0
147 514 119 42 30 0
186 499 151 31 33 0
45 497 184 24 25 0
102 485 218 36 40 0
103 483 258 34 34 0
252 411 366 28 19 0
202 396 385 39 34 0
50 372 418 19 14 0
46 366 433 19 13 0
163 350 479 22 33 0
255 259 511 39 47 0
124 482 292 35 31 0
228 459 353 20 21 0
210 459 374 13 24 0
111 446 369 13 21 0
138 530 149 28 42 0
19 521 191 36 23 0
253 497 323 15 13 0
206 521 214 35 42 0
18 517 258 43 44 0
226 435 398 39 16 0
161 396 419 47 46 0
21 391 465 44 28 0
231 372 446 16 30 0
122 372 493 43 20 0
239 350 512 22 40 0
96 298 511 46 33 0
154 517 302 22 17 0
197 482 336 28 37 0
69 479 373 27 36 0
127 459 414 25 43 0
254 446 414 13 24 0
1 512 323 27 16 0
64 443 438 15 33 0
240 435 471 19 23 0
12 391 513 19 17 0
251 415 494 43 34 0
144 372 513 15 40 0
117 539 302 21 39 0
109 510 341 42 46 0
214 506 387 17 27 0
31 484 414 32 36 0
173 459 457 25 32 0
94 458 489 19 31 0
88 415 528 44 29 0
44 387 530 27 24 0
177 523 387 37 41 0
91 516 428 43 21 0
15 484 450 15 34 0
285 484 484 13 33 0
139 459 520 36 37 0
279 499 450 43 39 0
70 497 489 45 16 0
107 542 449 15 32 0
87 497 505 45 48 0
257 542 481 17 33 0
174 542 514 16 43 0
